100 116
296 23722
1791 21671
2192 22118
2349 37145
2625 86119
2736 96203
3483 49178
4459 67881
4834 82837
4984 11370
5642 66881
6611 57642
6890 87086
7316 29247
7432 9213
7857 40576
10031 51046
10312 95144
11243 67676
12064 94334
12188 36775
13841 13445
14200 37646
14358 14528
14634 37226
16386 28835
16586 9904
17855 46044
18451 87716
18863 11906
19278 47307
19633 23826
19676 70045
19812 39482
19924 23043
19989 45015
20048 48845
20186 98389
20642 93963
20715 9271
20835 27252
22579 61524
23789 66205
24008 36013
24510 80185
24735 82159
24738 67714
25577 12851
25781 64785
25820 90211
25910 13977
25912 25598
26380 19853
26420 42218
26647 14034
28246 30961
28296 45795
28393 41863
28516 77662
28556 74718
29248 1893
29405 60230
29425 5396
30336 91834
31299 67032
31314 90589
32288 28223
33467 75648
34041 2089
35666 74240
36144 601
36308 55562
36394 55401
37649 15985
37726 57191
38639 94281
38938 3985
40999 68515
41818 83918
41999 23737
42092 18341
42417 35141
42603 32933
43181 95194
43536 78530
44381 327
44444 75329
45353 26136
45412 73671
46758 6784
46772 24874
47053 28080
47170 75223
47223 26292
48211 43783
48337 52702
48413 57266
49535 81071
49752 46053
51068 28081
51476 63436
51660 96138
52385 67839
52783 30697
53779 1955
55786 56363
56074 51266
56119 52023
56540 80907
57156 16935
57645 95732
59159 24448
59818 30456
60509 63421
61409 58568
61448 82030
61872 37656
63035 93630
63418 15134
63741 34595
63766 30184
64363 86691
64423 75030
64626 32650
65237 10920
65359 34708
65882 40044
66404 88701
66874 42003
66905 64180
67483 13459
68154 56591
68189 90803
68327 47620
68355 27288
68771 89305
68813 89705
70053 17584
70273 66178
70910 70561
71055 1054
71061 62127
71538 10377
72583 94551
72675 86103
74014 84620
74595 50812
74720 27038
74801 48268
74820 11360
74884 88527
75143 14878
75614 45158
75990 80574
77015 5279
78920 86553
79868 92282
80078 54717
81270 51149
81863 48861
82057 169
82499 32175
83181 37314
83697 20662
83857 50833
85627 84045
85909 40125
87050 1387
87384 40580
87485 42034
87723 40386
87909 47168
88377 19520
88807 32154
89107 93142
89296 36120
90016 8816
90294 51390
90958 59234
91088 15330
91224 46341
91471 23887
91694 6008
92136 43190
92265 39863
92277 71086
92997 11387
93065 69892
93262 17109
94567 61185
94883 37860
96142 81854
96844 41786
97620 42980
97887 61697
98219 70662
98357 88125
99408 3439
99720 77406
99914 35943
