0 1e+14 5e+13 0 0
0 5e+13 2.5e+13 0 0
0 2.5e+13 1.25e+13 0 0
0 1.25e+13 6.25e+12 0 0
0 6.25e+12 3.125e+12 0 0
0 3.125e+12 1.5625e+12 0 0
0 1.5625e+12 7.8125e+11 0 0
0 7.8125e+11 3.90625e+11 0 0
0 3.90625e+11 1.95312e+11 0 0
0 1.95312e+11 9.76562e+10 0 0
0 9.76562e+10 4.88281e+10 0 0
0 4.88281e+10 2.44141e+10 0 0
0 2.44141e+10 1.2207e+10 0 0
0 1.2207e+10 6.10352e+09 0 0
0 6.10352e+09 3.05176e+09 0 0
0 3.05176e+09 1.52588e+09 0 0
0 1.52588e+09 7.62939e+08 0 0
0 7.62939e+08 3.8147e+08 0 0
0 3.8147e+08 1.90735e+08 0 0
0 1.90735e+08 9.53674e+07 0 0
0 9.53674e+07 4.76837e+07 0 0
0 4.76837e+07 2.38419e+07 0 0
0 2.38419e+07 1.19209e+07 0 0
0 1.19209e+07 5.96046e+06 0 0
0 5.96046e+06 2.98023e+06 0 0
0 2.98023e+06 1.49012e+06 0 0
0 1.49012e+06 745058 0 0
0 745058 372529 0 0
0 372529 186265 0 0
0 186265 93132.3 100 772
93132.3 186265 139698 0 0
93132.3 139698 116415 0 0
93132.3 116415 104774 100 298
104774 116415 110595 50 100
110595 116415 113505 0 0
110595 113505 112050 0 0
110595 112050 111322 50 100
111322 112050 111686 0 0
111322 111686 111504 0 0
111322 111504 111413 0 0
111322 111413 111368 50 100
111368 111413 111390 0 0
111368 111390 111379 0 0
111368 111379 111373 0 0
111368 111373 111370 50 100
111370 111373 111372 0 0
111370 111372 111371 0 0
111370 111371 111371 0 0
111370 111371 111371 50 100
111371 111371 111371 0 0
111371 111371 111371 50 100
111371 111371 111371 0 0
111371 111371 111371 0 0
111371 111371 111371 50 100
111371 111371 111371 0 0
111371 111371 111371 50 100
111371 111371 111371 50 100
111371 111371 111371 0 0
111371 111371 111371 50 100
111371 111371 111371 50 100
111371 111371 111371 0 0
111371 111371 111371 50 100
111371 111371 111371 50 100
111371 111371 111371 0 0
111371 111371 111371 50 100
111371 111371 111371 0 0
111371 111371 111371 50 100
111371 111371 111371 50 100
111371 111371 111371 50 100
111371 111371 111371 0 0
111371 111371 111371 0 0
111371 111371 111371 50 100
111371 111371 111371 0 0
111371 111371 111371 50 100
111371 111371 111371 50 100
111371 111371 111371 0 0
111371 111371 111371 0 0
111371 111371 111371 0 0
111371 111371 111371 50 100
111371 111371 111371 0 0
111371 111371 111371 50 100
111371 111371 111371 50 100
111371 111371 111371 0 0
111371 111371 111371 0 0
111371 111371 111371 0 0
111371 111371 111371 50 100
111371 111371 111371 0 0
111371 111371 111371 0 0
111371 111371 111371 50 100
111371 111371 111371 0 0
111371 111371 111371 50 100
111371 111371 111371 50 100
111371 111371 111371 0 0
111371 111371 111371 0 0
111371 111371 111371 0 0
111371 111371 111371 0 0
111371 111371 111371 0 0
111371 111371 111371 0 0
111371 111371 111371 0 0
111371 111371 111371 0 0
111371 111371 111371 0 0
111371 111371 111371 0 0
111371 111371 111371 0 0
111371 111371 111371 0 0
111371 111371 111371 0 0
111371 111371 111371 0 0
111371 111371 111371 0 0
111371 111371 111371 0 0
111371 111371 111371 0 0
111371 111371 111371 0 0
111371 111371 111371 0 0
111371 111371 111371 0 0
111371 111371 111371 0 0
111371 111371 111371 0 0
111371 111371 111371 0 0
111371 111371 111371 0 0
111371 111371 111371 0 0
111371 111371 111371 0 0
111371 111371 111371 0 0
111371 111371 111371 0 0
111371 111371 111371 0 0
111371 111371 111371 0 0
111371 111371 111371 0 0
111371 111371 111371 0 0
111371 111371 111371 0 0
111371 111371 111371 0 0
111371 111371 111371 0 0
111371 111371 111371 0 0
111371 111371 111371 0 0
111371 111371 111371 0 0
111371 111371 111371 0 0
111371 111371 111371 0 0
111371 111371 111371 0 0
111371 111371 111371 0 0
111371 111371 111371 0 0
111371 111371 111371 0 0
111371 111371 111371 0 0
111371 111371 111371 0 0
111371 111371 111371 0 0
111371 111371 111371 0 0
111371 111371 111371 0 0
111371 111371 111371 0 0
111371 111371 111371 0 0
111371 111371 111371 0 0
111371 111371 111371 0 0
111371 111371 111371 0 0
111371 111371 111371 0 0
111371 111371 111371 0 0
111371 111371 111371 0 0
111371 111371 111371 0 0
111371 111371 111371 0 0
111371 111371 111371 0 0
111371 111371 111371 0 0
111371 111371 111371 0 0
111371 111371 111371 0 0
111371 111371 111371 0 0
111371 111371 111371 0 0
111371 111371 111371 0 0
111371 111371 111371 0 0
111371 111371 111371 0 0
111371 111371 111371 0 0
111371 111371 111371 0 0
111371 111371 111371 0 0
111371 111371 111371 0 0
111371 111371 111371 0 0
111371 111371 111371 0 0
111371 111371 111371 0 0
111371 111371 111371 0 0
111371 111371 111371 0 0
111371 111371 111371 0 0
111371 111371 111371 0 0
111371 111371 111371 0 0
111371 111371 111371 0 0
111371 111371 111371 0 0
111371 111371 111371 0 0
111371 111371 111371 0 0
111371 111371 111371 0 0
111371 111371 111371 0 0
111371 111371 111371 0 0
111371 111371 111371 0 0
111371 111371 111371 0 0
111371 111371 111371 0 0
111371 111371 111371 0 0
111371 111371 111371 0 0
111371 111371 111371 0 0
111371 111371 111371 0 0
111371 111371 111371 0 0
111371 111371 111371 0 0
111371 111371 111371 0 0
111371 111371 111371 0 0
111371 111371 111371 0 0
111371 111371 111371 0 0
111371 111371 111371 0 0
111371 111371 111371 0 0
111371 111371 111371 0 0
111371 111371 111371 0 0
111371 111371 111371 0 0
111371 111371 111371 0 0
111371 111371 111371 0 0
111371 111371 111371 0 0
111370.698377086606342
