0 0
0 1e+14 5e+13 0 0
0 5e+13 2.5e+13 0 0
0 2.5e+13 1.25e+13 0 0
0 1.25e+13 6.25e+12 0 0
0 6.25e+12 3.125e+12 0 0
0 3.125e+12 1.5625e+12 0 0
0 1.5625e+12 7.8125e+11 0 0
0 7.8125e+11 3.90625e+11 0 0
0 3.90625e+11 1.95312e+11 0 0
0 1.95312e+11 9.76562e+10 0 0
0 9.76562e+10 4.88281e+10 0 0
0 4.88281e+10 2.44141e+10 0 0
0 2.44141e+10 1.2207e+10 0 0
0 1.2207e+10 6.10352e+09 0 0
0 6.10352e+09 3.05176e+09 0 0
0 3.05176e+09 1.52588e+09 0 0
0 1.52588e+09 7.62939e+08 0 0
0 7.62939e+08 3.8147e+08 0 0
0 3.8147e+08 1.90735e+08 0 0
0 1.90735e+08 9.53674e+07 0 0
0 9.53674e+07 4.76837e+07 0 0
0 4.76837e+07 2.38419e+07 0 0
0 2.38419e+07 1.19209e+07 0 0
0 1.19209e+07 5.96046e+06 0 0
0 5.96046e+06 2.98023e+06 0 0
0 2.98023e+06 1.49012e+06 0 0
0 1.49012e+06 745058 0 0
0 745058 372529 0 0
0 372529 186265 37 703
0 186265 93132.3 0 703
93132.3 186265 139698 7 731
93132.3 139698 116415 3 737
116415 139698 128057 0 737
128057 139698 133878 0 737
128057 133878 130967 1 738
128057 130967 129512 2 741
128057 129512 128784 1 742
128784 129512 129148 2 745
128784 129148 128966 2 748
128966 129148 129057 2 751
129057 129148 129103 1 752
129103 129148 129126 2 755
129103 129126 129114 1 756
129114 129126 129120 2 759
129114 129120 129117 1 760
129117 129120 129118 1 761
129117 129118 129118 2 764
129117 129118 129117 1 765
129117 129118 129118 1 766
129117 129118 129117 1 767
129117 129117 129117 1 768
129117 129117 129117 1 769
129117 129117 129117 2 772
129117 129117 129117 1 773
129117 129117 129117 1 774
129117 129117 129117 1 775
129117 129117 129117 1 776
129117 129117 129117 2 779
129117 129117 129117 2 782
129117 129117 129117 2 785
129117 129117 129117 1 786
129117 129117 129117 1 787
129117 129117 129117 1 788
129117 129117 129117 1 789
129117 129117 129117 2 792
129117 129117 129117 2 795
129117 129117 129117 2 798
129117 129117 129117 1 799
129117 129117 129117 2 802
129117 129117 129117 1 803
129117 129117 129117 1 804
129117 129117 129117 1 805
129117 129117 129117 1 806
129117 129117 129117 2 809
129117 129117 129117 1 810
129117 129117 129117 1 811
129117 129117 129117 1 812
129117 129117 129117 1 813
129117 129117 129117 1 814
129117 129117 129117 1 815
129117 129117 129117 1 816
129117 129117 129117 1 817
129117 129117 129117 2 820
129117 129117 129117 2 823
129117 129117 129117 2 826
129117 129117 129117 2 829
129117 129117 129117 2 832
129117 129117 129117 2 835
129117 129117 129117 2 838
129117 129117 129117 2 841
129117 129117 129117 2 844
129117 129117 129117 2 847
129117 129117 129117 2 850
129117 129117 129117 2 853
129117 129117 129117 2 856
129117 129117 129117 2 859
129117 129117 129117 2 862
129117 129117 129117 2 865
129117 129117 129117 2 868
129117 129117 129117 2 871
129117 129117 129117 2 874
129117 129117 129117 2 877
129117 129117 129117 2 880
129117 129117 129117 2 883
129117 129117 129117 2 886
129117 129117 129117 2 889
129117 129117 129117 2 892
129117 129117 129117 2 895
129117 129117 129117 2 898
129117 129117 129117 2 901
129117 129117 129117 2 904
129117 129117 129117 2 907
129117 129117 129117 2 910
129117 129117 129117 2 913
129117 129117 129117 2 916
129117 129117 129117 2 919
129117 129117 129117 2 922
129117 129117 129117 2 925
129117 129117 129117 2 928
129117 129117 129117 2 931
129117 129117 129117 2 934
129117 129117 129117 2 937
129117 129117 129117 2 940
129117 129117 129117 2 943
129117 129117 129117 2 946
129117 129117 129117 2 949
129117 129117 129117 2 952
129117 129117 129117 2 955
129117 129117 129117 2 958
129117 129117 129117 2 961
129117 129117 129117 2 964
129117 129117 129117 2 967
129117 129117 129117 2 970
129117 129117 129117 2 973
129117 129117 129117 2 976
129117 129117 129117 2 979
129117 129117 129117 2 982
129117 129117 129117 2 985
129117 129117 129117 2 988
129117 129117 129117 2 991
129117 129117 129117 2 994
129117 129117 129117 2 997
129117 129117 129117 2 1000
129117 129117 129117 2 1003
129117 129117 129117 2 1006
129117 129117 129117 2 1009
129117 129117 129117 2 1012
129117 129117 129117 2 1015
129117 129117 129117 2 1018
129117 129117 129117 2 1021
129117 129117 129117 2 1024
129117 129117 129117 2 1027
129117 129117 129117 2 1030
129117 129117 129117 2 1033
129117 129117 129117 2 1036
129117 129117 129117 2 1039
129117 129117 129117 2 1042
129117 129117 129117 2 1045
129117 129117 129117 2 1048
129117 129117 129117 2 1051
129117 129117 129117 2 1054
129117 129117 129117 2 1057
129117 129117 129117 2 1060
129117 129117 129117 2 1063
129117 129117 129117 2 1066
129117 129117 129117 2 1069
129117 129117 129117 2 1072
129117 129117 129117 2 1075
129117 129117 129117 2 1078
129117 129117 129117 2 1081
129117 129117 129117 2 1084
129117 129117 129117 2 1087
129117 129117 129117 2 1090
129117 129117 129117 2 1093
129117 129117 129117 2 1096
129117 129117 129117 2 1099
129117 129117 129117 2 1102
129117 129117 129117 2 1105
129117 129117 129117 2 1108
129117 129117 129117 2 1111
129117 129117 129117 2 1114
129117 129117 129117 2 1117
129117 129117 129117 2 1120
129117 129117 129117 2 1123
129117 129117 129117 2 1126
129117 129117 129117 2 1129
129117 129117 129117 2 1132
129117 129117 129117 2 1135
129117 129117 129117 2 1138
129117 129117 129117 2 1141
129117 129117 129117 2 1144
129117 129117 129117 2 1147
129117 129117 129117 2 1150
129117 129117 129117 2 1153
129117 129117 129117 2 1156
129117 129117 129117 2 1159
129117 129117 129117 2 1162
129117 129117 129117 2 1165
129117 129117 129117 2 1168
129117 129117 129117 129117.3448999
