100
23 100 53 364 185 353
31 85 6 307 367 301
21 29 95 999 267 484
76 28 100 757 665 297
74 62 51 900 867 926
6 89 77 811 605 713
63 35 97 821 993 815
21 65 95 667 863 461
51 90 88 250 598 804
46 71 65 349 722 931
74 28 72 803 538 776
15 52 62 964 872 454
78 44 18 973 11 532
85 13 21 925 762 970
28 59 40 145 7 162
27 33 41 950 435 778
25 1 29 538 264 701
91 94 96 660 366 406
43 2 18 563 426 31
32 6 42 324 650 400
37 28 32 77 378 818
54 54 19 34 992 734
86 34 27 482 994 844
39 36 46 509 451 123
91 34 28 932 9 629
32 45 57 715 921 434
33 26 87 3 160 230
36 45 64 215 78 909
58 69 44 755 177 246
78 67 80 505 351 588
34 82 85 190 396 705
75 80 31 213 282 342
43 70 38 358 584 368
66 41 36 61 748 564
7 25 30 238 129 332
77 14 13 961 155 761
18 29 40 200 694 322
41 88 43 830 845 626
97 10 18 232 170 365
95 28 89 777 65 470
8 42 83 473 554 238
33 71 18 272 770 763
45 62 50 339 492 446
64 88 55 934 920 77
98 66 56 639 842 321
60 50 14 542 774 467
31 6 90 849 629 159
11 26 21 213 264 664
58 80 51 565 513 622
93 62 88 248 152 529
20 11 30 833 505 603
52 35 60 393 835 589
3 98 66 75 10 129
38 19 8 89 583 572
10 75 86 397 175 237
78 94 48 459 279 352
14 82 38 373 674 173
13 76 22 530 651 683
59 40 1 718 828 284
42 90 10 727 638 384
63 15 30 162 726 460
65 91 41 555 863 414
79 28 41 400 57 343
82 67 83 782 137 910
17 30 51 979 856 789
14 70 55 543 684 780
2 100 70 742 454 485
7 32 64 200 283 772
42 64 91 624 498 679
86 66 8 388 244 15
76 58 84 231 852 219
62 54 19 984 947 924
68 6 8 183 5 90
54 98 6 496 874 303
74 11 20 981 498 164
95 74 73 531 256 324
1 17 77 571 952 476
95 19 33 302 953 989
43 59 86 548 754 759
2 28 21 122 260 719
37 7 44 109 489 999
32 89 67 961 160 919
88 6 89 420 659 994
8 1 52 645 301 357
4 2 36 976 975 896
94 11 54 437 71 342
87 3 30 106 815 441
76 2 98 416 373 456
61 80 57 12 424 509
21 79 10 356 155 337
51 100 99 104 637 370
97 75 24 79 232 390
19 59 91 317 727 363
24 87 94 332 499 917
40 19 48 202 926 602
38 77 1 188 632 789
57 29 16 132 507 499
21 77 58 863 45 184
77 69 70 70 852 520
39 92 90 786 893 16
