1
646 272
690313087 936511371
155182860 496935694
891930802 637367597
234786135 461675445
73524952 608234675
268480661 362973161
861812562 690699682
36743704 865771018
387168512 700574299
286964483 40388023
933160851 359417955
456157575 16138978
20651024 937482928
480135013 923147479
969224118 27033792
816061529 641926644
138862331 512053564
149421155 823760756
285436194 883309499
344060533 384207290
599696817 358961146
902177195 612541195
330828572 314025738
14600030 938920899
831825288 717997084
77415033 154080879
22736223 617502499
554985420 533572608
309236446 43387248
70421040 887636800
529563437 130976923
643030487 738998936
415276051 520942135
256767993 792451642
29175291 700712245
912189758 453344893
65886081 628872108
942897846 814366946
605804204 249231019
967228104 810014242
816611488 290145852
907648351 44643130
430732104 839347711
882734959 315150130
55303289 739968550
870945473 805672366
397187661 584866727
958325228 366492319
11460321 812463712
365692316 67609580
520954473 40635612
522024087 277882067
944765379 439356920
688587940 317438292
127452528 403085943
693231795 655816037
552975533 796580382
635928086 453396505
621063001 836224003
428708912 371179405
176851764 676366291
113749377 152170744
518663063 574039425
239019496 72074598
139684178 530123384
570758997 604711812
882593880 660638652
99995565 92783077
262737735 679875618
82961554 641099871
149432267 242706629
39287004 628709715
82106213 702407800
391148162 527731457
898910862 555685581
232051865 819857074
972027818 75762619
502318410 345801242
270392206 490690875
20814252 741337906
198566077 410076384
923231402 444089615
389389058 81159950
613551935 875743334
516843198 652126794
894833423 696513489
177739564 666275466
221199625 786636794
314368244 112362143
668047724 612347788
284721221 65795465
141558084 900099589
98417190 256749033
599956274 496392860
90247125 368809396
631402147 473286892
917376508 288813202
222489519 554633542
282893235 159281925
663925085 836041454
385071302 799736434
318528259 411274868
197911655 562810866
675173010 392244250
4592031 364796265
430591730 195737093
95836676 141829619
398578652 424666180
921059040 46770232
268095995 998534926
324338177 863822531
5152092 899498142
306648043 94231044
253512970 227641611
916199431 589541279
241794072 917438055
181229282 153787093
716597959 560322331
952566581 379140937
743937202 244287328
440024422 809674979
951504598 27045291
451711471 388377464
287664062 202599609
53650894 225286870
89109394 555760057
455258192 377989071
472220116 94261487
174419464 761906236
203963874 578249452
348203866 90618889
244405982 445757946
6080270 529433149
908574086 813520307
57807629 811163217
473354555 505027648
532072939 350348417
591242247 277375512
332491487 983784411
61587640 878906309
434666360 386142381
616647819 150697035
97474888 742440918
356863513 88867928
519633746 271894352
362513241 560827387
6585326 867837612
397270754 459435589
272955890 865181969
528861546 158361200
515905214 183279885
386144668 2216094
132107973 47978146
884278923 977386915
856293217 464599460
703258208 945866564
949079965 143475936
885916855 319906020
261290314 46554846
318449198 95296727
656124115 780924060
501278031 533478806
992914395 662709441
380407770 898548786
909426352 118386644
301666529 909269316
764001776 425331559
325826071 687811197
517714471 896109749
213225569 62621354
861004284 226524048
369999984 916483777
88906156 810084242
709155454 108433198
203729926 202712836
983636896 27604645
413599817 859854041
375079841 337431286
88496431 406514206
524900850 755487611
517273286 997922783
275770701 679083746
219411302 281275056
29901164 601596773
516734493 737125774
963649822 95643099
12126869 377738770
40339371 186166165
294599364 953549398
156262227 749494825
629615836 350845656
63216056 992415489
329846769 43215647
302246219 438295897
46299868 418343200
268782343 679663435
358747174 563573154
697364576 544553044
146149810 578158477
167800610 727265741
822908840 515400669
893139439 131450425
317616590 687552076
493617833 785995176
388006360 464732320
815577976 649880061
494811909 17622190
913354210 878794032
169606289 824658678
95518238 68116788
747780223 215906157
631995677 364300581
908853625 959043764
389718600 329360247
909142354 907519802
275436830 557519210
688969635 584567553
124635988 21092629
807087805 859102591
323834905 618253822
120650242 195094159
65232715 139412874
870723273 615462151
292637189 831103291
899220079 40329555
108752078 388155427
604972374 499516661
311076784 740747755
70107995 366342358
126378519 700795384
258314587 831766715
416334262 401815350
422907979 799800588
658903173 540970250
11740431 229995777
277606302 835254444
827183684 132390673
747852825 342839017
26458667 697906950
590752871 40490007
281161800 925678746
277711767 699504949
440252698 886134174
252476525 588788551
142100295 362877059
47160134 378855045
780670395 400414882
52731830 463494396
856981012 56094733
286090510 711635003
399405806 868721444
1112110 563696813
759052196 226589483
777012800 748964935
641971308 785510864
563705969 367765664
67270607 923133108
809267275 841417736
282722647 360039671
575433096 914260167
145631571 424822942
677754190 622593230
86087619 926301966
982396699 730486020
294637382 795584998
664306435 121003568
537216747 694043188
920632672 517934911
119416206 296268937
81779794 550161831
917927495 761387514
684520616 498002129
191936225 837714468
50270498 346304250
113080776 474658872
751998180 625703595
100813184 258712347
37530672 429752363
12754743 39417170
835002168 19927364
993447306 307392125
1435307 351824962
869759873 530664046
679449349 774584345
324746169 989176079
750563587 613745509
111747632 95190023
785420858 287600562
486421178 303683857
630859095 835691356
313911310 599501955
858214302 382857268
665125997 414724495
454141665 895744975
768188705 677880740
985272866 141660192
493485154 761636004
144816410 986708173
613808877 363245020
204937459 824265759
290527628 938555046
886261435 955501046
95617967 402275260
558475483 671682286
359890002 582039145
34057459 189334571
424708205 526317678
941042173 892271762
788016730 89834195
767714936 247700197
389360389 408721794
22874158 605504161
444728693 882845543
98606923 167690568
844472693 58537563
849608975 303544382
111561787 135000314
389791940 735870403
260069049 59696120
641735265 948267423
137601987 472475417
998793095 675792725
420580846 414826558
504660754 792351628
40051818 61113935
469835729 124892049
730396210 281928574
17290476 492709887
660400455 27641262
86178825 115897399
271958147 357389508
492389822 935787800
524174562 236036300
295732420 882181763
682965545 636759977
109235387 937467686
465776770 673083899
87910450 108028476
752896470 886357616
947471551 445087570
569979619 645464654
927393228 269823639
762533527 152892188
180533450 797200071
765613836 275450341
632839849 119228641
55016434 37571977
126124643 125229665
859927794 431707363
68467333 421857064
211841109 395409698
68493590 30219087
990763936 677617879
416491854 8920407
454007977 743660399
241641412 216479764
486303403 23987590
29396144 21551000
818751071 101353289
376803631 62445961
181674602 584364900
474453243 9643473
987389511 89207403
520914766 600577887
22434944 699833664
95243356 441898465
324633918 86792419
764410298 16253312
25173719 315397847
911574612 33418511
102414641 479181697
355685653 153216018
174767018 588718044
690071334 385081797
447527758 993518089
430399348 66874958
929034804 629202361
718409764 757368958
210463204 916424309
468774332 91840889
386255720 85414514
172206933 564017688
580271001 710889639
26287479 936617231
822552108 605444720
84626410 790378458
943594476 924966749
366201152 292828429
677910227 970877860
816912308 56272479
975663810 977954351
459673071 99828015
857196973 757214974
526155642 30599194
122440083 67660170
153074684 994929974
411464022 508695804
72101802 325281617
114415207 991735023
449696102 98389281
741284105 936967315
714450423 386838879
679667308 537394940
508272793 80651569
989440421 210093894
40564605 177701460
277529476 817620591
574835558 500237676
530836871 134726442
54902979 100991193
948437533 653276954
14489117 207977663
385775647 359901548
204152930 86590919
37496567 500190854
289674529 506365399
893204278 778780672
168691972 4124945
937292887 425387945
487998206 676964765
854666226 926733302
596870252 528562811
28800480 132195695
119438503 24222169
125213362 559637351
65430665 174341482
234835512 926167261
138585169 79919782
19027068 620611159
120802006 342738099
849103498 56523635
687820673 262992901
119634213 594824135
872728447 856512645
385993770 56927093
836176761 360726646
889289457 93176355
77888416 285563372
309785541 770606303
182760014 49843285
224184768 287515269
213682524 248190679
180626827 459020280
79631432 352267693
547522158 52170261
108693896 52949804
168459072 249142016
843966151 649030936
358059940 140609651
50053110 569210957
929937603 596570076
689746431 886229872
24309603 671743419
294866082 620151213
669994499 334095145
621610414 477626096
725816775 894179267
205715906 835292938
40076990 758959968
811130230 137863704
43329874 587599149
836741165 772340492
273887787 64305312
204914963 533223675
102434626 631947728
81034163 254968074
141197939 884888595
409148374 770780595
243448167 18023908
352119053 704014456
34156911 913442666
660138292 973729468
661538765 759973686
371450013 865854198
856234268 701615756
141731264 182580236
954920729 899564143
963869455 830988795
216728829 81324875
713272603 21300778
276268852 171679821
56568410 794306767
417603721 269983157
288007065 318233150
874763972 661051888
427010914 640126119
613855580 908920883
521410928 87149199
805519764 127910704
829526460 892860941
75441171 661754025
413834527 823774090
654762878 882878266
964203141 230220342
251521120 871491708
43171522 529992104
176815230 527789972
797773129 952256305
123005814 446935317
107987198 85780187
578422672 997769786
759207028 387514478
474663678 44794611
172705316 280617949
25995250 132699801
794453826 2231769
678522226 101436421
836831053 60804713
143541421 185801463
57293164 653550553
36059016 395062541
775368879 952981060
757753724 65390612
512325929 425658367
363954920 733275905
583562050 472829494
860343972 942377593
987172204 342769072
475903387 187524009
320223810 159877513
14625649 501898637
455851424 114677630
27998709 693147875
878949338 145198836
798749390 171540130
419119037 788758869
594256288 687324772
752715385 194487909
620146276 204526371
937802276 265041307
737870801 984101196
778995148 373880686
716649758 450731133
638255142 766167346
778561225 45069504
546968142 958478953
925672949 793186874
338851108 2819559
148018396 953671658
977728154 70316806
711592041 799284152
486608917 396847184
443851459 158364688
362891059 91840661
356881969 63997728
900615290 153209695
527090381 947269136
398000262 532126798
150810503 96256498
141326002 36255398
847250717 929371728
575074962 688294144
543630070 772923659
579111676 913926070
836759242 691648466
343448977 409356189
806203373 548351276
706715964 830057894
921898556 102571191
19085285 922123390
75333078 131296884
78566013 919700575
304343732 454939825
403712689 329082642
217854406 455154235
384525957 545038691
85849195 65105116
690545141 959600919
726043348 629479265
173644090 122173176
531529365 415318950
963670226 517093067
199667320 190249097
292820288 522902550
297542299 974082242
105379119 311905573
84122507 225391743
680331568 36461499
218060507 388466240
843620475 84044250
481599307 288431279
206052761 80662791
892780076 419964868
49444126 896597902
871287444 471339784
886658734 75604582
445214015 255333168
445582265 702845319
78264228 644881336
471479937 590918919
902824492 375806527
601198270 429375423
318353288 839463365
80445964 134046197
70606813 536413795
824845074 924066440
857245597 552206121
972170989 30897828
780012096 750025667
73881810 874131482
802252430 503815899
759149067 960540544
663385856 247466439
744864141 57247691
648166610 741650085
117456605 216344071
645719494 403507461
242970819 571171242
705217439 964072782
353002936 323416784
99999583 775824253
180546733 30364369
913778570 957245180
559787206 5234081
879365563 546307025
50122917 633669016
446725919 534134353
781600792 809271984
866519675 110111769
704278220 378981292
595325363 367202644
770710105 674251191
97938792 93561217
910150365 13680918
189614068 803156232
578980478 115669661
146034030 142130017
99375190 759527211
764761292 59812594
458635985 511678763
997864145 496643215
30777561 508758903
170547246 444590058
407218193 664894719
43876004 889583288
256785925 964012779
490780329 491717733
437795316 27496024
893693315 588719122
391875347 347945675
463615336 935823749
77953759 823372191
435415761 462165732
374494692 29845315
394040444 52693412
549336627 833130678
194405940 391904583
689011007 432630554
950041639 364953186
107052833 96229193
912758338 846434009
190668102 363838759
243851149 403538660
992257782 628463418
976409093 990060830
925884572 236649488
60021672 292540788
754706521 856354697
886200012 347953799
400647212 129201206
814848250 132756816
524661399 949983839
235130753 9254183
226723736 66188765
14934324 37688751
884122761 333776569
697615328 927692662
183747681 74790856
703254274 793982843
784043666 28521823
265171311 532179727
677236881 562444597
271315653 177709350
525663149 284459761
266177334 10032025
142788841 926310361
728810560 81025577
90279761 667450240
733639005 816457679
854146430 169519863
503296432 748573329
528782350 738269184
665576406 53428120
847410963 712530031
741051854 221347040
753526767 483970989
46415579 6223159
36448875 283280007
567739769 170247599
180279624 414628390
193455111 833917103
914942680 323068465
990518705 922265671
591239709 857738807
27258663 576674069
177763757 445386132
36171676 383071462
436499582 706546107
271592497 701748082
923095122 283910538
767881527 12644345
871383877 529138248
812418256 666813473
837061072 907832752
174977501 232674384
66591480 17340689
192925520 368432612
143214642 834050526
544305693 35960584
612634653 734454351
32356843 424080722
807152184 642914776
201977242 68528519
622792967 243651759
380078664 473569739
486214084 398404449
927542697 476550
667290023 210114320
117947065 592477312
825151696 356867454
226724509 145440933
513873545 744259542
578310062 419650029
455610613 657088188
391542532 122615748
399212836 920761632
563676401 423899375
344944260 206365014
302533139 765653643
91739742 967737228
366141670 682611803
683088354 577953826
788068147 146200726
591194405 202894736
559762191 758531578
903972511 268862460
13121996 639003066
58653089 270362416
927450604 443948424
419080538 366780068
140058060 171509495
595408871 818293374
24658381 703734461
321904464 940353131
760606718 179707887
862319690 413644206
844114398 126748381
125465474 545408037
748302774 484698904
95746842 716659879
985522339 160581324
799584390 999719353
122598128 851160701
295109118 710753845
930050280 50048725
221558221 714189656
384999390 70108333
626359160 669483458
462352948 262174137
441882024 948263624
214424189 222959660
202224407 304201708
702126111 58538581
395753851 180206247
896866126 302945244
463526568 491500693
343736406 734904825
438581885 115627318
678897529 466334534
516383260 733691004
300397019 608947802
531572501 590457847
259941298 685396409
947570547 157931655
958711645 722294246
797770272 241968930
546170638 25652194
84190775 999994680
32717286 100813109
403758353 332460992
823961686 929583413
517004597 867284922
835428606 167698085
634032619 955586482
541793845 514326128
975790297 2932238
593390085 694707231
232619999 507362791
517810812 705847749
280658355 32706905
274675836 476522451
502174645 78428620
930939666 820846474
921659583 438881786
771342778 963656953
745756725 177934296
45219211 447820823
615518908 115277681
70864156 733164183
100006670 102067887
105000125 465174368
12397958 75796960
435676118 550906577
109270685 245017957
277724863 953486930
282525740 389929040
468357661 552400699
225763532 784700385
76098530 251813686
215470632 147423109
177873771 699957675
147778491 961227357
76505031 75609348
808773531 615813766
717881653 999885561
317576288 908780201
984577162 675398144
78821080 329974246
574992203 272769639
226256562 188091766
578020806 852717066
257634124 508782303
145999047 898894833
150708513 483397657
483337132 74613944
774571619 218695511
32439228 661210903
736820251 922350110
390680235 108944259
961346186 545593775
306890335 108561881
636476392 131438833
313929445 143983856
416753495 567813838
755905604 888921649
594155074 643010058
4308720 186442770
85337596 851789199
187703215 2824133
77438077 88562475
307257987 671040347
332251243 852009696
626876166 339697215
301157840 69071487
467181628 17556394
978634649 115020386
98975585 774071963
918055820 467627400
35441231 412905031
154343039 187325674
830335732 643863202
830305972 748498113
452803671 687160818
689984952 768159934
709238776 640506886
164063592 767423029
619432719 16496756
208710337 496314835
417902688 98825244
116381638 362384543
477404929 737600682
364189005 95016280
415160046 576380515
989285546 134761184
322086858 450601278
94464473 143628578
744643057 4938950
692099768 777286811
397963104 49963088
542986340 382084713
2024102 107201873
976215002 707049933
55881127 621456821
720282065 37441698
399826242 473783816
63900857 689180069
636712716 729747537
158644411 428089862
562851046 51872755
354990399 446316
144074894 884937905
889876855 301971238
79258042 741234318
643713772 581976616
816577696 329737513
289455752 186700105
893750038 818601798
292574978 118187114
8145178 949631166
275931341 12857036
554553471 407971420
137718951 339832198
767922061 191266180
95655302 148879728
149326045 183289466
68227364 450645701
752616940 145917305
887151623 958104219
392597195 684391348
14128854 383381754
570081860 61691250
880293048 156100973
126804453 316348257
118495782 172868019
38241421 134949631
542921052 246943489
586775688 592794892
636577439 533156369
682036097 207214108
390503574 732232741
182878435 831362142
977279448 311247305
121867883 935495375
472403083 716947430
100329178 514465078
576156328 339048303
495149276 522927404
691792027 308965735
