22796
27559
58305
58404
66459
55081
84243
67663
57250
58182
46000
48714
16250
73083
586
22093
8478
38696
20953
22488
7469
4318
54600
9344
27586
34441
438
5831
14490
39549
38190
24075
26570
8723
3999
52235
12396
64706
20768
6890
40133
32230
26598
34931
46844
39822
66770
7656
44201
18640
15248
37121
2865
5785
15272
28562
35010
43358
46218
59152
17106
52116
7933
15892
44148
47109
53464
16037
48033
22032
22866
58461
9952
65594
57621
27856
49968
44394
59497
6222
9592
15040
60304
30444
34974
17288
12720
37414
2376
21893
26000
15484
42401
51230
21538
21808
13464
3510
15120
47739
