100
15 182
15 5
15 159
15 61
15 14
15 165
15 9
15 32
15 283
15 8
15 219
15 134
15 278
15 163
15 136
15 173
15 17
15 286
15 11
15 10
15 34
15 215
15 132
15 44
15 284
15 94
15 117
15 75
15 235
15 238
15 0
15 180
15 50
15 207
15 4
15 104
15 146
15 119
15 19
15 125
15 16
15 282
15 82
15 285
15 141
15 56
15 36
15 15
15 184
15 254
15 147
15 25
15 197
15 203
15 7
15 200
15 87
15 1
15 23
15 142
15 2
15 6
15 153
15 42
15 157
15 47
15 77
15 167
15 112
15 152
15 123
15 276
15 85
15 18
15 131
15 262
15 269
15 185
15 27
15 244
15 194
15 108
15 24
15 263
15 187
15 12
15 111
15 190
15 116
15 3
15 13
15 118
15 287
15 48
15 130
15 188
15 135
15 175
15 151
15 96
